local_slide( {"name":"6BB2CD64-77F7-4D5B-B9A7-20B1A99724B8","json":{"assets":{"FD84523DB800261F37325E842277A663":{"type":"texture","index":2,"assetRequest":{"type":"slide","state":"contents","slide":"none"},"url":{"native":"assets\/6BB2CD64-77F7-4D5B-B9A7-20B1A99724B8.pdf"},"width":960,"height":270},"F5DFABAEA24E3EECC700DCF63A7E4344":{"type":"texture","index":3,"assetRequest":{"type":"slide","state":"contents","slide":"none"},"url":{"native":"assets\/6BB2CD64-77F7-4D5B-B9A7-20B1A99724B8.pdf"},"width":960,"height":270},"E8975298C23655BF899F34AE98EE6367":{"type":"texture","index":1,"assetRequest":{"type":"slide","state":"contents","slide":"none"},"url":{"native":"assets\/6BB2CD64-77F7-4D5B-B9A7-20B1A99724B8.pdf"},"width":960,"height":540},"B9958064D1E98B6A1EBDB21CA0D7BBF6":{"type":"texture","index":0,"assetRequest":{"type":"slide","state":"contents","slide":"none"},"url":{"native":"assets\/6BB2CD64-77F7-4D5B-B9A7-20B1A99724B8.pdf"},"width":960,"height":540}},"events":[{"effects":[{"beginTime":0,"baseLayer":{"animations":[],"initialState":{"affineTransform":[1,0,0,1,0,0],"masksToBounds":false,"rotation":0,"scale":1,"position":{"pointX":480,"pointY":270},"width":960,"sublayerTransform":[1,0,0,0,0,1,0,0,0,0,1,0,0,0,0,1],"contentsRect":{"y":0,"x":0,"width":1,"height":1},"opacity":1,"edgeAntialiasingMask":251658240,"height":540,"hidden":false,"anchorPoint":{"pointX":0.5,"pointY":0.5}},"objectID":"0","layers":[{"animations":[],"initialState":{"affineTransform":[1,0,0,1,0,0],"masksToBounds":false,"rotation":0,"scale":1,"position":{"pointX":480,"pointY":270},"width":960,"sublayerTransform":[1,0,0,0,0,1,0,0,0,0,1,-0.00070015824933551967,0,0,0,1],"contentsRect":{"y":0,"x":0,"width":1,"height":1},"opacity":1,"edgeAntialiasingMask":251658240,"height":540,"hidden":false,"anchorPoint":{"pointX":0.5,"pointY":0.5}},"layers":[{"animations":[{"timeOffset":0,"beginTime":0,"repeatCount":0,"animations":[{"timeOffset":0,"from":{"scalar":0.25},"beginTime":0,"repeatCount":0,"fillMode":"removed","duration":1.2000000476837158,"autoreverses":false,"timingFunction":"EaseOut","property":"opacity","to":{"scalar":1}},{"timeOffset":0,"values":[{"transform":[0,0,1,0,0,1,0,0,-1,0,0,0,480,0,480,1]},{"transform":[0.016850826529694371,0,0.9998580147427264,0,0,1,0,0,-0.9998580147427264,0,0.016850826529694371,0,479.93184707650869,0,447.64985836226066,1]},{"transform":[0.062381005705391478,0,0.99805240850728072,0,0,1,0,0,-0.99805240850728072,0,0.062381005705391478,0,479.06515608349474,0,360.40341855671579,1]},{"transform":[0.13019301690557203,0,0.99148866778648836,0,0,1,0,0,-0.99148866778648836,0,0.13019301690557203,0,475.91456053751443,0,231.62509460832013,1]},{"transform":[0.21473686889480423,0,0.9766719393620642,0,0,1,0,0,-0.9766719393620642,0,0.21473686889480423,0,468.80253089379084,0,74.91874008821695,1]},{"transform":[0.31078468945192339,0,0.95048034003985138,0,0,1,0,0,-0.95048034003985138,0,0.31078468945192339,0,456.23056321912867,0,-94.545072662522102,1]},{"transform":[0.41321131703298047,0,0.91063516705422143,0,0,1,0,0,-0.91063516705422143,0,0.41321131703298047,0,437.10488018602626,0,-260.19148184546384,1]},{"transform":[0.51700102950319071,0,0.85598477526918726,0,0,1,0,0,-0.85598477526918726,0,0.51700102950319071,0,410.8726921292099,0,-405.42530863817854,1]},{"transform":[0.61740632935333428,0,0.78664440789625023,0,0,1,0,0,-0.78664440789625023,0,0.61740632935333428,0,377.58931579020009,0,-515.7331384847937,1]},{"transform":[0.71019177876331707,0,0.70400826513400794,0,0,1,0,0,-0.70400826513400794,0,0.71019177876331707,0,337.92396726432384,0,-580.86452400101348,1]},{"transform":[0.79190279539788322,0,0.61064716706214095,0,0,1,0,0,-0.61064716706214095,0,0.79190279539788322,0,293.11064018982768,0,-596.45874777254699,1]},{"transform":[0.8601075589325643,0,0.51011271996203489,0,0,1,0,0,-0.51011271996203489,0,0.8601075589325643,0,244.85410558177674,0,-564.65422942730606,1]},{"transform":[0.91357066190291558,0,0.40668002865922592,0,0,1,0,0,-0.40668002865922592,0,0.91357066190291558,0,195.20641375642845,0,-493.51847558286374,1]},{"transform":[0.95232937125989858,0,0.30507174342394661,0,0,1,0,0,-0.30507174342394661,0,0.95232937125989858,0,146.43443684349438,0,-395.47954371463834,1]},{"transform":[0.97765527460305979,0,0.21021456667133195,0,0,1,0,0,-0.21021456667133195,0,0.97765527460305979,0,100.90299200223934,0,-285.21955887212772,1]},{"transform":[0.99189185066306473,0,0.12708484011950641,0,0,1,0,0,-0.12708484011950641,0,0.99189185066306473,0,61.000723257363077,0,-177.62644916886512,1]},{"transform":[0.99815585536533435,0,0.060703281623795284,0,0,1,0,0,-0.060703281623795284,0,0.99815585536533435,0,29.137575179421738,0,-86.366334404822851,1]},{"transform":[0.99986647229266401,0,0.016341284680936513,0,0,1,0,0,-0.016341284680936513,0,0.99986647229266401,0,7.8438166468495263,0,-23.464214540466514,1]},{"transform":[1,0,0,0,0,1,0,0,0,0,1,0,0,0,0,1]}],"beginTime":0,"repeatCount":0,"fillMode":"removed","property":"transform","autoreverses":false,"duration":1.2000000476837158,"keyTimes":[0,0.055555555555555552,0.1111111111111111,0.16666666666666666,0.22222222222222221,0.27777777777777779,0.33333333333333331,0.3888888888888889,0.44444444444444442,0.5,0.55555555555555558,0.61111111111111116,0.66666666666666663,0.72222222222222221,0.77777777777777779,0.83333333333333337,0.88888888888888884,0.94444444444444442,1]}],"fillMode":"both","autoreverses":false,"duration":1.2000000476837158}],"layers":[{"animations":[],"layers":[],"initialState":{"affineTransform":[1,0,0,1,0,0],"masksToBounds":false,"rotation":0,"scale":1,"position":{"pointX":480,"pointY":675},"width":960,"sublayerTransform":[1,0,0,0,0,1,0,0,0,0,1,0,0,0,0,1],"contentsRect":{"y":0,"x":0,"width":1,"height":1},"opacity":1,"edgeAntialiasingMask":251658240,"height":270,"hidden":false,"anchorPoint":{"pointX":0.5,"pointY":0.5}},"texture":"FD84523DB800261F37325E842277A663"}],"texturedRectangle":{"isBackgroundTexture":false,"singleTextureOpacity":1,"textureType":0,"textBaseline":0,"textXHeight":0,"isVerticalText":false},"initialState":{"affineTransform":[1,0,0,1,0,0],"masksToBounds":false,"rotation":0,"scale":1,"position":{"pointX":480,"pointY":270},"width":960,"sublayerTransform":[1,0,0,0,0,1,0,0,0,0,1,0,0,0,0,1],"contentsRect":{"y":0,"x":0,"width":1,"height":1},"opacity":1,"edgeAntialiasingMask":201326592,"height":540,"hidden":false,"anchorPoint":{"pointX":0.5,"pointY":0.5}},"texture":"E8975298C23655BF899F34AE98EE6367"},{"animations":[{"timeOffset":0,"beginTime":0,"repeatCount":0,"animations":[{"timeOffset":0,"from":{"scalar":1},"beginTime":0,"repeatCount":0,"fillMode":"removed","duration":1.2000000476837158,"autoreverses":false,"timingFunction":"EaseIn","property":"opacity","to":{"scalar":0.25}},{"timeOffset":0,"values":[{"transform":[1,0,0,0,0,1,0,0,0,0,1,0,0,0,0,1]},{"transform":[0.9998580147427264,0,-0.016850826529694281,0,0,1,0,0,0.016850826529694281,0,0.9998580147427264,0,-8.088396734253255,0,-24.193591979994721,1]},{"transform":[0.99805240850728072,0,-0.062381005705391526,0,0,1,0,0,0.062381005705391526,0,0.99805240850728072,0,-29.942882738587933,0,-88.718854788191038,1]},{"transform":[0.99148866778648836,0,-0.13019301690557192,0,0,1,0,0,0.13019301690557192,0,0.99148866778648836,0,-62.492648114674523,0,-181.79681781451973,1]},{"transform":[0.9766719393620642,0,-0.21473686889480414,0,0,1,0,0,0.21473686889480414,0,0.9766719393620642,0,-103.07369706950598,0,-290.81009373606787,1]},{"transform":[0.95048034003985138,0,-0.31078468945192328,0,0,1,0,0,0.31078468945192328,0,0.95048034003985138,0,-149.17665093692318,0,-401.59898494472753,1]},{"transform":[0.91063516705422143,0,-0.41321131703298053,0,0,1,0,0,0.41321131703298053,0,0.91063516705422143,0,-198.34143217583065,0,-498.95492985565949,1]},{"transform":[0.85598477526918726,0,-0.5170010295031906,0,0,1,0,0,0.5170010295031906,0,0.85598477526918726,0,-248.16049416153149,0,-568.13750660585686,1]},{"transform":[0.78664440789625023,0,-0.61740632935333428,0,0,1,0,0,0.61740632935333428,0,0.78664440789625023,0,-296.35503808960044,0,-596.9674161853934,1]},{"transform":[0.70400826513400805,0,-0.71019177876331696,0,0,1,0,0,0.71019177876331696,0,0.70400826513400805,0,-340.89205380639214,0,-577.89643745894512,1]},{"transform":[0.61064716706214106,0,-0.79190279539788322,0,0,1,0,0,0.79190279539788322,0,0.61064716706214106,0,-380.11334179098395,0,-509.45604617139082,1]},{"transform":[0.510112719962035,0,-0.86010755893256419,0,0,1,0,0,0.86010755893256419,0,0.510112719962035,0,-412.85162828763083,0,-396.656706721452,1]},{"transform":[0.40668002865922598,0,-0.91357066190291547,0,0,1,0,0,0.91357066190291547,0,0.40668002865922598,0,-438.51391771339945,0,-250.21097162589277,1]},{"transform":[0.30507174342394666,0,-0.95232937125989858,0,0,1,0,0,0.95232937125989858,0,0.30507174342394666,0,-457.11809820475133,0,-84.795882353381415,1]},{"transform":[0.21021456667133201,0,-0.97765527460305968,0,0,1,0,0,0.97765527460305968,0,0.21021456667133201,0,-469.27453180946867,0,83.151980935101648,1]},{"transform":[0.12708484011950646,0,-0.99189185066306473,0,0,1,0,0,0.99189185066306473,0,0.12708484011950646,0,-476.10808831827109,0,237.48091589204284,1]},{"transform":[0.060703281623795347,0,-0.99815585536533435,0,0,1,0,0,0.99815585536533435,0,0.060703281623795347,0,-479.11481057536048,0,363.61090099111584,1]},{"transform":[0.016341284680936576,0,-0.99986647229266401,0,0,1,0,0,0.99986647229266401,0,0.016341284680936576,0,-479.93590670047871,0,448.62787551316262,1]},{"transform":[0,0,-1,0,0,1,0,0,1,0,0,0,-480,0,479.99999999999989,1]}],"beginTime":0,"repeatCount":0,"fillMode":"removed","property":"transform","autoreverses":false,"duration":1.2000000476837158,"keyTimes":[0,0.055555555555555552,0.1111111111111111,0.16666666666666666,0.22222222222222221,0.27777777777777779,0.33333333333333331,0.3888888888888889,0.44444444444444442,0.5,0.55555555555555558,0.61111111111111116,0.66666666666666663,0.72222222222222221,0.77777777777777779,0.83333333333333337,0.88888888888888884,0.94444444444444442,1]}],"fillMode":"both","autoreverses":false,"duration":1.2000000476837158}],"layers":[{"animations":[],"layers":[],"initialState":{"affineTransform":[1,0,0,1,0,0],"masksToBounds":false,"rotation":0,"scale":1,"position":{"pointX":480,"pointY":675},"width":960,"sublayerTransform":[1,0,0,0,0,1,0,0,0,0,1,0,0,0,0,1],"contentsRect":{"y":0,"x":0,"width":1,"height":1},"opacity":1,"edgeAntialiasingMask":251658240,"height":270,"hidden":false,"anchorPoint":{"pointX":0.5,"pointY":0.5}},"texture":"F5DFABAEA24E3EECC700DCF63A7E4344"}],"texturedRectangle":{"isBackgroundTexture":false,"singleTextureOpacity":1,"textureType":0,"textBaseline":0,"textXHeight":0,"isVerticalText":false},"initialState":{"affineTransform":[1,0,0,1,0,0],"masksToBounds":false,"rotation":0,"scale":1,"position":{"pointX":480,"pointY":270},"width":960,"sublayerTransform":[1,0,0,0,0,1,0,0,0,0,1,0,0,0,0,1],"contentsRect":{"y":0,"x":0,"width":1,"height":1},"opacity":1,"edgeAntialiasingMask":201326592,"height":540,"hidden":false,"anchorPoint":{"pointX":0.5,"pointY":0.5}},"texture":"B9958064D1E98B6A1EBDB21CA0D7BBF6"}]}]},"effects":[],"duration":1.2000000476837158,"type":"transition","name":"com.apple.iWork.Keynote.BLTReflection","objectID":"0"}],"automaticPlay":false,"hyperlinks":[],"accessibility":[{"text":"实施拓展","targetRectangle":{"y":81.035272121429443,"x":66.085275173187256,"width":72,"height":37.5}},{"text":"中高端客户流失预警模型","targetRectangle":{"y":15.986377239227295,"x":18.327250957489014,"width":304.91999999999996,"height":38}},{"text":"在中高端客户流失预测的基础上，分析用户流失的方式和流程，并且进行分类，制定专门的营销挽留措施。","targetRectangle":{"y":148.74283742904663,"x":79.742822170257568,"width":756,"height":75}},{"text":"针对细分模型和流失模型进行拓展，设计个性化的维度主题，例如基于风险维度的细分和风险等级的转化分析，基于用户交易频度的细分和交易用户的流失分析等等。","targetRectangle":{"y":223.74283742904663,"x":79.742822170257568,"width":756,"height":75}},{"text":"建立专业的数据挖掘分析平台，实现数据分析的统一化和流程化。","targetRectangle":{"y":298.74283742904663,"x":79.742822170257568,"width":522,"height":37.5}},{"text":"建立针对流失模型的营销反馈机制，营销的反馈结果可以进一步促进分析模型的进一步优化，实现模型的逐步迭代过程。","targetRectangle":{"y":336.24283742904663,"x":79.742822170257568,"width":756,"height":75}},{"text":"图片 6","targetRectangle":{"y":0,"x":0,"width":960,"height":540.47998046875}},{"text":"与成长中的银行一起成长","targetRectangle":{"y":519.59981679916382,"x":731.78261709213257,"width":198,"height":25}}],"baseLayer":{"animations":[],"initialState":{"affineTransform":[1,0,0,1,0,0],"masksToBounds":false,"rotation":0,"scale":1,"position":{"pointX":480,"pointY":270},"width":960,"sublayerTransform":[1,0,0,0,0,1,0,0,0,0,1,0,0,0,0,1],"contentsRect":{"y":0,"x":0,"width":1,"height":1},"opacity":1,"edgeAntialiasingMask":251658240,"height":540,"hidden":false,"anchorPoint":{"pointX":0.5,"pointY":0.5}},"objectID":"0","layers":[{"animations":[],"initialState":{"affineTransform":[1,0,0,1,0,0],"masksToBounds":false,"rotation":0,"scale":1,"position":{"pointX":480,"pointY":270},"width":960,"sublayerTransform":[1,0,0,0,0,1,0,0,0,0,1,-0.00070015824933551967,0,0,0,1],"contentsRect":{"y":0,"x":0,"width":1,"height":1},"opacity":1,"edgeAntialiasingMask":251658240,"height":540,"hidden":false,"anchorPoint":{"pointX":0.5,"pointY":0.5}},"layers":[{"animations":[],"layers":[],"texturedRectangle":{"isBackgroundTexture":false,"singleTextureOpacity":1,"textureType":0,"textBaseline":0,"textXHeight":0,"isVerticalText":false},"initialState":{"affineTransform":[1,0,0,1,0,0],"masksToBounds":false,"rotation":0,"scale":1,"position":{"pointX":480,"pointY":270},"width":960,"sublayerTransform":[1,0,0,0,0,1,0,0,0,0,1,0,0,0,0,1],"contentsRect":{"y":0,"x":0,"width":1,"height":1},"opacity":1,"edgeAntialiasingMask":0,"height":540,"hidden":false,"anchorPoint":{"pointX":0.5,"pointY":0.5}},"texture":"B9958064D1E98B6A1EBDB21CA0D7BBF6"}]}]}}]}} )